9.13548253442425	1475794.58581721	13.4883531943597	105685.828446256	14.3441857135756	64839.6286833804	15.2286824798465	37094.3665345982	16.9731066577699	27472.5271030839	17.5463915988714	25637.0300482728	
9.13957742686069	1474802.45397766	13.4924480867961	104212.925298288	14.348280606012	65898.0623308825	15.232777372283	36967.1694355483	16.9772015502063	27432.6324438429	17.5504864913079	25515.2921293359	
9.14367231929713	1471534.026699	13.4965429792325	102679.062524073	14.3523754984484	66825.285132559	15.2368722647194	36898.3571515677	16.9812964426427	27270.3353946684	17.5545813837443	25354.4511287657	
9.14776721173357	1468491.48721767	13.500637871669	101254.946842052	14.3564703908849	67477.5361732436	15.2409671571559	36916.3762576703	16.9853913350792	26986.7679279967	17.5586762761807	25214.6206704612	
9.15186210417001	1466517.12946801	13.5047327641054	99901.6464103871	14.3605652833213	67755.2949420112	15.2450620495923	37022.6559851834	16.9894862275156	26594.0960880817	17.5627711686172	25155.8135522354	
9.15595699660645	1465085.01907222	13.5088276565419	98650.8096585571	14.3646601757578	67627.378776075	15.2491569420287	37202.8021067289	16.9935811199521	26110.9940674311	17.5668660610536	25209.5587348883	
9.16005188904289	1464637.14092544	13.5129225489783	97605.4762860713	14.3687550681942	67127.3053316043	15.2532518344652	37407.9556849618	16.9976760123885	25550.9828077945	17.5709609534901	25371.0240467677	
9.16414678147933	1464009.06272384	13.5170174414147	96813.309221557	14.3728499606306	66355.8611500088	15.2573467269016	37583.0232365514	17.0017709048249	24936.7303602005	17.5750558459265	25599.9782363853	
9.16824167391577	1463401.6754486	13.5211123338512	96249.5278803482	14.3769448530671	65444.7462454755	15.2614416193381	37713.9469354278	17.0058657972614	24294.2600611397	17.5791507383629	25839.3041329001	
9.17233656635221	1463566.89930244	13.5252072262876	95878.7675806294	14.3810397455035	64514.1910094515	15.2655365117745	37781.1305691662	17.0099606896978	23655.9905484908	17.5832456307994	26021.140336314	
9.17643145878865	1463969.99639936	13.5293021187241	95613.4772749434	14.38513463794	63670.5486074888	15.2696314042109	37781.7241791208	17.0140555821343	23047.9465316865	17.5873405232358	26078.9896632815	
9.18052635122509	1463487.07694343	13.5333970111605	95371.284617054	14.3892295303764	62994.9129194796	15.2737262966474	37756.1854458301	17.0181504745707	22488.2860693662	17.5914354156723	25977.842556389	
9.18462124366153	1461953.60567185	13.5374919035969	95149.9742113898	14.3933244228128	62490.0836327576	15.2778211890838	37757.8278284465	17.0222453670071	21993.2701389314	17.5955303081087	25729.0020741176	
9.18871613609797	1459794.19339121	13.5415867960334	94853.8436220678	14.3974193152493	62139.7269956091	15.2819160815203	37832.2848853696	17.0263402594436	21573.8387593468	17.5996252005451	25371.4959586093	
9.19281102853441	1457052.41306884	13.5456816884698	94413.8837594538	14.4015142076857	61921.6710419283	15.2860109739567	37995.2566494961	17.03043515188	21237.5561839792	17.6037200929816	24968.459222338	
9.19690592097085	1453555.89428925	13.5497765809063	93792.3779015485	14.4056091001222	61740.2040034332	15.2901058663931	38224.8392358837	17.0345300443165	20989.6758149303	17.607814985418	24586.5974449895	
9.20100081340729	1449978.75942203	13.5538714733427	92897.1421825589	14.4097039925586	61504.5899168962	15.2942007588296	38488.4487390595	17.0386249367529	20832.224047146	17.6119098778545	24283.636533673	
9.20509570584373	1447376.57914429	13.5579663657791	91723.3395961172	14.413798884995	61185.2889892812	15.298295651266	38733.5084341817	17.0427198291893	20766.9716219374	17.6160047702909	24086.1355287768	
9.20919059828017	1445696.26562209	13.5620612582156	90363.949623954	14.4178937774315	60729.4384926603	15.3023905437025	38929.9582601129	17.0468147216258	20794.9111540161	17.6200996627273	23995.4972611663	
9.21328549071661	1445740.49497872	13.566156150652	88949.1950564957	14.4219886698679	60102.3985057356	15.3064854361389	39071.1702736315	17.0509096140622	20922.2680490239	17.6241945551638	23985.7244185712	
9.21738038315305	1446336.91263464	13.5702510430885	87536.0191329346	14.4260835623044	59336.2585854842	15.3105803285753	39174.0792888583	17.0550045064987	21144.6384523571	17.6282894476002	24005.3883051803	
9.22147527558949	1447454.97665111	13.5743459355249	86162.343985054	14.4301784547408	58483.2708249805	15.3146752210118	39323.0211869082	17.0590993989351	21453.8239693715	17.6323843400367	23993.5217468498	
9.22557016802593	1448790.87362719	13.5784408279613	84905.8373169237	14.4342733471772	57627.787716687	15.3187701134482	39602.5324023685	17.0631942913715	21838.4642827841	17.6364792324731	23901.9665554277	
9.22966506046236	1450752.52798891	13.5825357203978	83800.4466333445	14.4383682396137	56940.4593912105	15.3228650058847	40061.1632061892	17.067289183808	22276.0739140026	17.6405741249095	23700.760514126	
9.2337599528988	1452764.37004091	13.5866306128342	82808.7007983115	14.4424631320501	56665.5657418915	15.3269598983211	40699.3750395109	17.0713840762444	22735.04672954	17.644669017346	23381.6595848622	
9.23785484533524	1453808.66406728	13.5907255052707	81999.4001343843	14.4465580244866	57050.9417090638	15.3310547907575	41454.1303994404	17.0754789686809	23170.5116990648	17.6487639097824	22962.6343146854	
9.24194973777168	1454469.27831353	13.5948203977071	81558.0300159451	14.450652916923	58316.4114963886	15.335149683194	42234.3072694973	17.0795738611173	23536.851611657	17.6528588022189	22477.8222508985	
9.24604463020812	1454624.72358375	13.5989152901435	81655.9497454158	14.4547478093594	60650.065280047	15.3392445756304	42928.561767066	17.0836687535537	23794.5535183935	17.6569536946553	21962.4749275632	
9.25013952264456	1453476.93093224	13.60301018258	82500.0662252987	14.4588427017959	64092.4131607547	15.3433394680669	43405.0544155285	17.0877636459902	23920.149761315	17.6610485870917	21451.0950907218	
9.254234415081	1451084.50361559	13.6071050750164	84328.4440498179	14.4629375942323	68473.7454764259	15.3474343605033	43572.1420285683	17.0918585384266	23916.7406720285	17.6651434795282	20966.4215564832	
9.25832930751744	1447900.84387077	13.6111999674529	87290.7414049979	14.4670324866688	73470.2615775493	15.3515292529397	43412.5956412935	17.0959534308631	23808.045214058	NaN	NaN	
9.26242419995388	1443805.42675132	13.6152948598893	91377.0386244617	14.4711273791052	78619.0071762602	15.3556241453762	42962.5930978243	17.1000483232995	23626.932579043	NaN	NaN	
9.26651909239032	1438579.74055878	13.6193897523257	96393.5465984222	14.4752222715416	83373.2768041312	15.3597190378126	42289.9995520005	17.1041432157359	23413.0151332962	NaN	NaN	
9.27061398482676	1432454.79922789	13.6234846447622	101879.658864713	14.4793171639781	87306.2310253348	15.3638139302491	41484.0792309381	17.1082381081724	23200.7466634861	NaN	NaN	
9.2747088772632	1426245.61368581	13.6275795371986	107124.058695658	14.4834120564145	90273.2033130572	15.3679088226855	40646.79118532	17.1123330006088	23006.9333304217	NaN	NaN	
9.27880376969964	1420967.09161781	13.6316744296351	111436.403367695	14.487506948851	92374.934672105	15.3720037151219	39871.5029245076	17.1164278930453	22847.6187446358	NaN	NaN	
9.28289866213608	1416700.25055977	13.6357693220715	114346.858900523	14.4916018412874	93849.1960977899	15.3760986075584	39218.119398504	17.1205227854817	22736.7153583444	NaN	NaN	
9.28699355457252	1412452.85494224	13.6398642145079	115633.853527175	14.4956967337238	94979.2210551249	15.3801934999948	38707.9253783482	17.1246176779181	22686.4446886854	NaN	NaN	
9.29108844700896	1407657.1780974	13.6439591069444	115334.204859282	14.4997916261603	95870.7185133808	15.3842883924313	38328.4127858842	NaN	NaN	NaN	NaN	
9.2951833394454	1402881.29622343	13.6480539993808	113747.456039498	14.5038865185967	96433.2783105018	15.3883832848677	38055.4735932305	NaN	NaN	NaN	NaN	
9.29927823188184	1398273.5333123	13.6521488918173	111337.361905064	14.5079814110332	96532.7326439421	15.3924781773041	37872.2833134275	NaN	NaN	NaN	NaN	
9.30337312431828	1393859.22808546	13.6562437842537	108604.437467516	14.5120763034696	96039.5412200484	15.3965730697406	37743.3447365884	NaN	NaN	NaN	NaN	
9.30746801675472	1389670.30239168	13.6603386766901	105936.67382147	14.516171195906	94884.0223477491	15.400667962177	37613.7404301175	NaN	NaN	NaN	NaN	
9.31156290919116	1385411.44784062	13.6644335691266	103551.970249772	14.5202660883425	93107.7641389717	15.4047628546135	37435.3409832256	NaN	NaN	NaN	NaN	
9.3156578016276	1381013.32728858	13.668528461563	101683.340579269	14.5243609807789	90820.3656261754	15.4088577470499	37187.4402889225	NaN	NaN	NaN	NaN	
9.31975269406404	1377111.78548041	13.6726233539995	100519.583685719	14.5284558732154	88292.1433326035	15.4129526394863	36858.7034478092	NaN	NaN	NaN	NaN	
9.32384758650048	1374374.89148985	13.6767182464359	100379.71722475	14.5325507656518	85827.5263293816	15.4170475319228	36437.356469473	NaN	NaN	NaN	NaN	
9.32794247893692	1372683.20819271	13.6808131388723	101047.271320176	14.5366456580882	83630.4653165538	15.4211424243592	35924.0580983829	NaN	NaN	NaN	NaN	
9.33203737137336	1371605.30200822	13.6849080313088	104420.979858489	14.5407405505247	81862.7911576706	15.4252373167957	35336.6379359633	NaN	NaN	NaN	NaN	
9.3361322638098	1371099.16983962	13.6890029237452	108606.287550892	14.5448354429611	80578.2166877951	15.4293322092321	34709.9830434512	NaN	NaN	NaN	NaN	
9.34022715624624	1370780.75165799	13.6930978161817	111945.825452554	14.5489303353976	79674.7933993405	15.4334271016685	34079.2118761473	NaN	NaN	NaN	NaN	
9.34432204868268	1370183.27544622	13.6971927086181	114290.224678816	14.553025227834	78997.3462096571	15.437521994105	33457.3242433296	NaN	NaN	NaN	NaN	
9.34841694111912	1369179.58126634	13.7012876010545	115489.533341303	14.5571201202704	78423.6681341826	15.4416168865414	32848.6649129078	NaN	NaN	NaN	NaN	
9.35251183355556	1368129.24892592	13.705382493491	115292.043259645	14.5612150127069	77813.3898872291	15.4457117789779	32276.0453987276	NaN	NaN	NaN	NaN	
9.356606725992	1366982.59384196	13.7094773859274	113605.507688435	14.5653099051433	77023.4242229121	15.4498066714143	31765.20006557	NaN	NaN	NaN	NaN	
9.36070161842844	1364431.04057871	13.7135722783639	110640.272226324	14.5694047975798	76019.3761184405	15.4539015638507	31337.355970943	NaN	NaN	NaN	NaN	
9.36479651086488	1360666.08370758	13.7176671708003	107067.29317661	14.5734996900162	74901.708929881	15.4579964562872	31008.3411010441	NaN	NaN	NaN	NaN	
9.36889140330132	1356699.37395676	13.7217620632367	105920.257963834	14.5775945824526	73839.2609977147	15.4620913487236	30796.6805522919	NaN	NaN	NaN	NaN	
9.37298629573776	1353165.07162859	13.7258569556732	104794.70697863	14.5816894748891	73088.6933164223	15.4661862411601	30725.7049804499	NaN	NaN	NaN	NaN	
9.37708118817419	1350278.94036586	13.7299518481096	103686.285184563	14.5857843673255	72908.0615895715	15.4702811335965	30775.3593248988	NaN	NaN	NaN	NaN	
9.38117608061063	1348721.58931164	13.7340467405461	102566.879279786	NaN	NaN	15.4743760260329	30962.3444727698	NaN	NaN	NaN	NaN	
9.38527097304707	1348867.07901605	13.7381416329825	101567.626877919	NaN	NaN	15.4784709184694	31259.2315581212	NaN	NaN	NaN	NaN	
9.38936586548351	1350008.63803419	13.7422365254189	100780.898316642	NaN	NaN	15.4825658109058	31940.5556155751	NaN	NaN	NaN	NaN	
9.39346075791995	1352011.16956136	13.7463314178554	100147.942893468	NaN	NaN	15.4866607033422	32853.7733251026	NaN	NaN	NaN	NaN	
9.39755565035639	1354791.37897702	13.7504263102918	99658.7132921634	NaN	NaN	15.4907555957787	33542.4334882377	NaN	NaN	NaN	NaN	
9.40165054279283	1357196.6380385	13.7545212027282	99391.6328631325	NaN	NaN	15.4948504882151	33926.8141826911	NaN	NaN	NaN	NaN	
9.40574543522927	1358398.21804878	13.7586160951647	99406.2903036489	NaN	NaN	15.4989453806516	34012.5101802004	NaN	NaN	NaN	NaN	
9.40984032766571	1358938.70189062	13.7627109876011	99732.7121783145	NaN	NaN	15.503040273088	33855.6511341606	NaN	NaN	NaN	NaN	
9.41393522010215	1358718.11813778	13.7668058800376	100344.008951988	NaN	NaN	15.5071351655244	33519.9512888111	NaN	NaN	NaN	NaN	
9.41803011253859	1357512.23127984	13.770900772474	101097.053786201	NaN	NaN	15.5112300579609	33077.068587422	NaN	NaN	NaN	NaN	
9.42212500497503	1355391.6110361	13.7749956649104	101842.018197625	NaN	NaN	15.5153249503973	32586.940338413	NaN	NaN	NaN	NaN	
9.42621989741147	1352634.90629427	13.7790905573469	102402.054441751	NaN	NaN	15.5194198428338	32582.734856897	NaN	NaN	NaN	NaN	
9.43031478984791	1349906.08451305	13.7831854497833	102488.686401278	NaN	NaN	15.5235147352702	32754.547172591	NaN	NaN	NaN	NaN	
9.43440968228435	1347687.53275172	13.7872803422198	101916.944233702	NaN	NaN	15.5276096277066	33010.6388098383	NaN	NaN	NaN	NaN	
9.43850457472079	1345616.24554365	13.7913752346562	100620.172018096	NaN	NaN	NaN	NaN	NaN	NaN	NaN	NaN	
9.44259946715723	1342866.32459363	13.7954701270926	98688.4292923722	NaN	NaN	NaN	NaN	NaN	NaN	NaN	NaN	
9.44669435959367	1338905.20855729	13.7995650195291	96309.7692576745	NaN	NaN	NaN	NaN	NaN	NaN	NaN	NaN	
9.45078925203011	1333887.33957292	13.8036599119655	93922.28258952	NaN	NaN	NaN	NaN	NaN	NaN	NaN	NaN	
9.45488414446655	1328604.61497786	NaN	NaN	NaN	NaN	NaN	NaN	NaN	NaN	NaN	NaN	
9.45897903690299	1323651.05296194	NaN	NaN	NaN	NaN	NaN	NaN	NaN	NaN	NaN	NaN	
9.46307392933943	1319177.54545363	NaN	NaN	NaN	NaN	NaN	NaN	NaN	NaN	NaN	NaN	
9.46716882177587	1314656.93984296	NaN	NaN	NaN	NaN	NaN	NaN	NaN	NaN	NaN	NaN	
9.47126371421231	1308957.31674345	NaN	NaN	NaN	NaN	NaN	NaN	NaN	NaN	NaN	NaN	
9.47535860664875	1312473.90999406	NaN	NaN	NaN	NaN	NaN	NaN	NaN	NaN	NaN	NaN	
9.47945349908519	1316779.84314227	NaN	NaN	NaN	NaN	NaN	NaN	NaN	NaN	NaN	NaN	
9.48354839152163	1329548.63963197	NaN	NaN	NaN	NaN	NaN	NaN	NaN	NaN	NaN	NaN	
9.48764328395807	1353208.3419163	NaN	NaN	NaN	NaN	NaN	NaN	NaN	NaN	NaN	NaN	
9.49173817639451	1371616.67663354	NaN	NaN	NaN	NaN	NaN	NaN	NaN	NaN	NaN	NaN	
9.49583306883095	1377577.42635902	NaN	NaN	NaN	NaN	NaN	NaN	NaN	NaN	NaN	NaN	
9.49992796126739	1372182.76940342	NaN	NaN	NaN	NaN	NaN	NaN	NaN	NaN	NaN	NaN	
9.50402285370383	1357194.77791796	NaN	NaN	NaN	NaN	NaN	NaN	NaN	NaN	NaN	NaN	
9.50811774614027	1334155.61562257	NaN	NaN	NaN	NaN	NaN	NaN	NaN	NaN	NaN	NaN	
9.51221263857671	1304180.75832946	NaN	NaN	NaN	NaN	NaN	NaN	NaN	NaN	NaN	NaN	
9.51630753101315	1275557.33050287	NaN	NaN	NaN	NaN	NaN	NaN	NaN	NaN	NaN	NaN	
9.52040242344959	1266558.88339514	NaN	NaN	NaN	NaN	NaN	NaN	NaN	NaN	NaN	NaN	
9.52449731588603	1261667.02463255	NaN	NaN	NaN	NaN	NaN	NaN	NaN	NaN	NaN	NaN	
9.52859220832246	1260293.89157949	NaN	NaN	NaN	NaN	NaN	NaN	NaN	NaN	NaN	NaN	
9.5326871007589	1258970.10983533	NaN	NaN	NaN	NaN	NaN	NaN	NaN	NaN	NaN	NaN	
9.53678199319534	1259155.81008846	NaN	NaN	NaN	NaN	NaN	NaN	NaN	NaN	NaN	NaN	
9.54087688563178	1259490.51294142	NaN	NaN	NaN	NaN	NaN	NaN	NaN	NaN	NaN	NaN	
9.54497177806822	1259917.24895051	NaN	NaN	NaN	NaN	NaN	NaN	NaN	NaN	NaN	NaN	
9.54906667050466	1260887.70733965	NaN	NaN	NaN	NaN	NaN	NaN	NaN	NaN	NaN	NaN	
9.5531615629411	1262182.92338242	NaN	NaN	NaN	NaN	NaN	NaN	NaN	NaN	NaN	NaN	
9.55725645537754	1263474.45561051	NaN	NaN	NaN	NaN	NaN	NaN	NaN	NaN	NaN	NaN	
9.56135134781398	1264408.56161117	NaN	NaN	NaN	NaN	NaN	NaN	NaN	NaN	NaN	NaN	
9.56544624025042	1264718.7813287	NaN	NaN	NaN	NaN	NaN	NaN	NaN	NaN	NaN	NaN	
9.56954113268686	1264625.08115053	NaN	NaN	NaN	NaN	NaN	NaN	NaN	NaN	NaN	NaN	
9.5736360251233	1264614.83580546	NaN	NaN	NaN	NaN	NaN	NaN	NaN	NaN	NaN	NaN	
9.57773091755974	1264631.53089573	NaN	NaN	NaN	NaN	NaN	NaN	NaN	NaN	NaN	NaN	
9.58182580999618	1264225.86594249	NaN	NaN	NaN	NaN	NaN	NaN	NaN	NaN	NaN	NaN	
9.58592070243262	1263489.33262477	NaN	NaN	NaN	NaN	NaN	NaN	NaN	NaN	NaN	NaN	
9.59001559486906	1263556.28486366	NaN	NaN	NaN	NaN	NaN	NaN	NaN	NaN	NaN	NaN	
9.5941104873055	1264721.45257299	NaN	NaN	NaN	NaN	NaN	NaN	NaN	NaN	NaN	NaN	
9.59820537974194	1266594.13439942	NaN	NaN	NaN	NaN	NaN	NaN	NaN	NaN	NaN	NaN	
9.60230027217838	1268477.33361886	NaN	NaN	NaN	NaN	NaN	NaN	NaN	NaN	NaN	NaN	
9.60639516461482	1270252.96475091	NaN	NaN	NaN	NaN	NaN	NaN	NaN	NaN	NaN	NaN	
9.61049005705126	1271804.5431917	NaN	NaN	NaN	NaN	NaN	NaN	NaN	NaN	NaN	NaN	
9.6145849494877	1272640.83618591	NaN	NaN	NaN	NaN	NaN	NaN	NaN	NaN	NaN	NaN	
9.61867984192414	1272808.8320845	NaN	NaN	NaN	NaN	NaN	NaN	NaN	NaN	NaN	NaN	
9.62277473436058	1272345.22203773	NaN	NaN	NaN	NaN	NaN	NaN	NaN	NaN	NaN	NaN	
9.62686962679702	1270994.82237488	NaN	NaN	NaN	NaN	NaN	NaN	NaN	NaN	NaN	NaN	
9.63096451923346	1268684.00527459	NaN	NaN	NaN	NaN	NaN	NaN	NaN	NaN	NaN	NaN	
9.6350594116699	1265672.38177989	NaN	NaN	NaN	NaN	NaN	NaN	NaN	NaN	NaN	NaN	
9.63915430410634	1262376.57527147	NaN	NaN	NaN	NaN	NaN	NaN	NaN	NaN	NaN	NaN	
9.64324919654278	1259526.0509808	NaN	NaN	NaN	NaN	NaN	NaN	NaN	NaN	NaN	NaN	
9.64734408897922	1257322.06590333	NaN	NaN	NaN	NaN	NaN	NaN	NaN	NaN	NaN	NaN	
9.65143898141566	1255635.98488779	NaN	NaN	NaN	NaN	NaN	NaN	NaN	NaN	NaN	NaN	
9.65553387385209	1254233.55557258	NaN	NaN	NaN	NaN	NaN	NaN	NaN	NaN	NaN	NaN	
9.65962876628853	1252377.16135283	NaN	NaN	NaN	NaN	NaN	NaN	NaN	NaN	NaN	NaN	
9.66372365872497	1250501.35687074	NaN	NaN	NaN	NaN	NaN	NaN	NaN	NaN	NaN	NaN	
9.66781855116141	1248858.55741319	NaN	NaN	NaN	NaN	NaN	NaN	NaN	NaN	NaN	NaN	
9.67191344359785	1247006.38315548	NaN	NaN	NaN	NaN	NaN	NaN	NaN	NaN	NaN	NaN	
9.6760083360343	1244954.23501048	NaN	NaN	NaN	NaN	NaN	NaN	NaN	NaN	NaN	NaN	
9.68010322847073	1242768.89802717	NaN	NaN	NaN	NaN	NaN	NaN	NaN	NaN	NaN	NaN	
9.68419812090717	1240361.06317811	NaN	NaN	NaN	NaN	NaN	NaN	NaN	NaN	NaN	NaN	
9.68829301334361	1237940.608493	NaN	NaN	NaN	NaN	NaN	NaN	NaN	NaN	NaN	NaN	
9.69238790578005	1235966.75934176	NaN	NaN	NaN	NaN	NaN	NaN	NaN	NaN	NaN	NaN	
9.69648279821649	1234569.36942179	NaN	NaN	NaN	NaN	NaN	NaN	NaN	NaN	NaN	NaN	
9.70057769065293	1233564.06136391	NaN	NaN	NaN	NaN	NaN	NaN	NaN	NaN	NaN	NaN	
9.70467258308937	1233066.64445966	NaN	NaN	NaN	NaN	NaN	NaN	NaN	NaN	NaN	NaN	
9.70876747552581	1233595.08978391	NaN	NaN	NaN	NaN	NaN	NaN	NaN	NaN	NaN	NaN	
9.71286236796225	1234783.86006286	NaN	NaN	NaN	NaN	NaN	NaN	NaN	NaN	NaN	NaN	
9.71695726039869	1236040.40346124	NaN	NaN	NaN	NaN	NaN	NaN	NaN	NaN	NaN	NaN	
9.72105215283513	1237629.2208552	NaN	NaN	NaN	NaN	NaN	NaN	NaN	NaN	NaN	NaN	
9.72514704527157	1238539.09358038	NaN	NaN	NaN	NaN	NaN	NaN	NaN	NaN	NaN	NaN	
9.72924193770801	1238788.28210239	NaN	NaN	NaN	NaN	NaN	NaN	NaN	NaN	NaN	NaN	
9.73333683014445	1239286.27893148	NaN	NaN	NaN	NaN	NaN	NaN	NaN	NaN	NaN	NaN	
9.73743172258089	1240071.16269577	NaN	NaN	NaN	NaN	NaN	NaN	NaN	NaN	NaN	NaN	
9.74152661501733	1240611.13452198	NaN	NaN	NaN	NaN	NaN	NaN	NaN	NaN	NaN	NaN	
9.74562150745377	1241208.92104437	NaN	NaN	NaN	NaN	NaN	NaN	NaN	NaN	NaN	NaN	
9.74971639989021	1242527.4935307	NaN	NaN	NaN	NaN	NaN	NaN	NaN	NaN	NaN	NaN	
9.75381129232665	1244433.3901814	NaN	NaN	NaN	NaN	NaN	NaN	NaN	NaN	NaN	NaN	
9.75790618476309	1246289.38283944	NaN	NaN	NaN	NaN	NaN	NaN	NaN	NaN	NaN	NaN	
9.76200107719953	1247826.66075956	NaN	NaN	NaN	NaN	NaN	NaN	NaN	NaN	NaN	NaN	
9.76609596963597	1248755.74169181	NaN	NaN	NaN	NaN	NaN	NaN	NaN	NaN	NaN	NaN	
9.77019086207241	1248777.5341501	NaN	NaN	NaN	NaN	NaN	NaN	NaN	NaN	NaN	NaN	
9.77428575450885	1247865.72377485	NaN	NaN	NaN	NaN	NaN	NaN	NaN	NaN	NaN	NaN	
9.77838064694529	1246940.62229907	NaN	NaN	NaN	NaN	NaN	NaN	NaN	NaN	NaN	NaN	
9.78247553938173	1246164.9105944	NaN	NaN	NaN	NaN	NaN	NaN	NaN	NaN	NaN	NaN	
9.78657043181817	1245107.20717909	NaN	NaN	NaN	NaN	NaN	NaN	NaN	NaN	NaN	NaN	
9.79066532425461	1243814.1019066	NaN	NaN	NaN	NaN	NaN	NaN	NaN	NaN	NaN	NaN	
9.79476021669105	1241833.63691331	NaN	NaN	NaN	NaN	NaN	NaN	NaN	NaN	NaN	NaN	
9.79885510912749	1239708.04632605	NaN	NaN	NaN	NaN	NaN	NaN	NaN	NaN	NaN	NaN	
9.80295000156393	1237675.62290936	NaN	NaN	NaN	NaN	NaN	NaN	NaN	NaN	NaN	NaN	
9.80704489400036	1235640.72705036	NaN	NaN	NaN	NaN	NaN	NaN	NaN	NaN	NaN	NaN	
9.8111397864368	1233714.32735276	NaN	NaN	NaN	NaN	NaN	NaN	NaN	NaN	NaN	NaN	
9.81523467887324	1231749.36511017	NaN	NaN	NaN	NaN	NaN	NaN	NaN	NaN	NaN	NaN	
9.81932957130968	1229569.85260009	NaN	NaN	NaN	NaN	NaN	NaN	NaN	NaN	NaN	NaN	
9.82342446374612	1227709.02914977	NaN	NaN	NaN	NaN	NaN	NaN	NaN	NaN	NaN	NaN	
9.82751935618256	1225903.77022116	NaN	NaN	NaN	NaN	NaN	NaN	NaN	NaN	NaN	NaN	
9.831614248619	1223969.31719251	NaN	NaN	NaN	NaN	NaN	NaN	NaN	NaN	NaN	NaN	
9.83570914105544	1221996.47713538	NaN	NaN	NaN	NaN	NaN	NaN	NaN	NaN	NaN	NaN	
9.83980403349188	1219603.15521355	NaN	NaN	NaN	NaN	NaN	NaN	NaN	NaN	NaN	NaN	
9.84389892592832	1217472.40236071	NaN	NaN	NaN	NaN	NaN	NaN	NaN	NaN	NaN	NaN	
9.84799381836476	1214483.47245345	NaN	NaN	NaN	NaN	NaN	NaN	NaN	NaN	NaN	NaN	
9.8520887108012	1211441.71577697	NaN	NaN	NaN	NaN	NaN	NaN	NaN	NaN	NaN	NaN	
9.85618360323764	1208411.14843139	NaN	NaN	NaN	NaN	NaN	NaN	NaN	NaN	NaN	NaN	
9.86027849567408	1205106.97787313	NaN	NaN	NaN	NaN	NaN	NaN	NaN	NaN	NaN	NaN	
9.86437338811052	1201491.93724585	NaN	NaN	NaN	NaN	NaN	NaN	NaN	NaN	NaN	NaN	
9.86846828054696	1197336.76500514	NaN	NaN	NaN	NaN	NaN	NaN	NaN	NaN	NaN	NaN	
9.8725631729834	1192576.77132603	NaN	NaN	NaN	NaN	NaN	NaN	NaN	NaN	NaN	NaN	
9.87665806541984	1187597.30900808	NaN	NaN	NaN	NaN	NaN	NaN	NaN	NaN	NaN	NaN	
9.88075295785628	1183153.29691458	NaN	NaN	NaN	NaN	NaN	NaN	NaN	NaN	NaN	NaN	
9.88484785029272	1179689.06927311	NaN	NaN	NaN	NaN	NaN	NaN	NaN	NaN	NaN	NaN	
9.88894274272916	1176262.94497587	NaN	NaN	NaN	NaN	NaN	NaN	NaN	NaN	NaN	NaN	
9.8930376351656	1173315.79047677	NaN	NaN	NaN	NaN	NaN	NaN	NaN	NaN	NaN	NaN	
9.89713252760204	1172158.57488667	NaN	NaN	NaN	NaN	NaN	NaN	NaN	NaN	NaN	NaN	
9.90122742003848	1171537.32780038	NaN	NaN	NaN	NaN	NaN	NaN	NaN	NaN	NaN	NaN	
9.90532231247492	1170966.72002739	NaN	NaN	NaN	NaN	NaN	NaN	NaN	NaN	NaN	NaN	
9.90941720491136	1171023.83629681	NaN	NaN	NaN	NaN	NaN	NaN	NaN	NaN	NaN	NaN	
9.9135120973478	1171540.64926586	NaN	NaN	NaN	NaN	NaN	NaN	NaN	NaN	NaN	NaN	
9.91760698978424	1172157.53654884	NaN	NaN	NaN	NaN	NaN	NaN	NaN	NaN	NaN	NaN	
9.92170188222068	1172243.29344791	NaN	NaN	NaN	NaN	NaN	NaN	NaN	NaN	NaN	NaN	
9.92579677465712	1171916.27803126	NaN	NaN	NaN	NaN	NaN	NaN	NaN	NaN	NaN	NaN	
9.92989166709356	1171586.62654691	NaN	NaN	NaN	NaN	NaN	NaN	NaN	NaN	NaN	NaN	
9.93398655953	1171355.97053534	NaN	NaN	NaN	NaN	NaN	NaN	NaN	NaN	NaN	NaN	
9.93808145196644	1170995.88479691	NaN	NaN	NaN	NaN	NaN	NaN	NaN	NaN	NaN	NaN	
9.94217634440288	1170267.29967509	NaN	NaN	NaN	NaN	NaN	NaN	NaN	NaN	NaN	NaN	
9.94627123683932	1169227.51991189	NaN	NaN	NaN	NaN	NaN	NaN	NaN	NaN	NaN	NaN	
9.95036612927576	1168021.75633864	NaN	NaN	NaN	NaN	NaN	NaN	NaN	NaN	NaN	NaN	
9.95446102171219	1166065.03857643	NaN	NaN	NaN	NaN	NaN	NaN	NaN	NaN	NaN	NaN	
9.95855591414863	1163661.5958915	NaN	NaN	NaN	NaN	NaN	NaN	NaN	NaN	NaN	NaN	
9.96265080658507	1161135.16673221	NaN	NaN	NaN	NaN	NaN	NaN	NaN	NaN	NaN	NaN	
9.96674569902151	1158612.38885176	NaN	NaN	NaN	NaN	NaN	NaN	NaN	NaN	NaN	NaN	
9.97084059145795	1156442.2024482	NaN	NaN	NaN	NaN	NaN	NaN	NaN	NaN	NaN	NaN	
9.97493548389439	1154514.21868224	NaN	NaN	NaN	NaN	NaN	NaN	NaN	NaN	NaN	NaN	
9.97903037633083	1152762.77351065	NaN	NaN	NaN	NaN	NaN	NaN	NaN	NaN	NaN	NaN	
9.98312526876727	1150740.12316411	NaN	NaN	NaN	NaN	NaN	NaN	NaN	NaN	NaN	NaN	
9.98722016120371	1148844.78130003	NaN	NaN	NaN	NaN	NaN	NaN	NaN	NaN	NaN	NaN	
9.99131505364015	1146117.26770069	NaN	NaN	NaN	NaN	NaN	NaN	NaN	NaN	NaN	NaN	
